360.0 3.296106560537425 0.0 1.852857142857143 0.0 1.515 0.0 1.512 0.0 0.21590586561891903 1.4349653777239741 1.0 0.0
361.0 3.285262610633015 0.0 1.855 0.0 1.515 0.0 1.512 0.0 0.2174935139788134 1.454078036313303 1.0 0.0
362.0 3.274663484461479 0.0 1.8571428571428572 0.0 1.515 0.0 1.512 0.0 0.21917444040318712 1.473080734107414 1.0 0.0
363.0 3.264300940579911 0.0 1.8592857142857144 0.0 1.515 0.0 1.512 0.0 0.22094862563069026 1.4919791512645477 1.0 0.0
364.0 3.2541671086708006 0.0 1.8614285714285714 0.0 1.515 0.0 1.512 0.0 0.22281626419924963 1.5107786960226997 1.0 0.0
365.0 3.244254468619309 0.0 1.8635714285714287 0.0 1.515 0.0 1.512 0.0 0.22477775416098314 1.5294845214662998 1.0 0.0
366.0 3.2345558310045437 0.0 1.8657142857142859 0.0 1.515 0.0 1.512 0.0 0.22683368838443582 1.5481015406460756 1.0 0.0
367.0 3.225064318893703 0.0 1.8678571428571429 0.0 1.515 0.0 1.512 0.0 0.2289848472646715 1.5666344401864665 1.0 0.0
368.0 3.2157733508378783 0.0 1.87 0.0 1.515 0.0 1.512 0.0 0.2312321926878813 1.585087692498632 1.0 0.0
369.0 3.2066766249772503 0.0 1.873846153846154 0.0 1.515 0.0 1.512 0.0 0.2335768631191656 1.603465566702183 1.0 0.0
370.0 3.197768104171492 0.0 1.8776923076923078 0.0 1.515 0.0 1.512 0.0 0.23602016970072393 1.6217721383453843 1.0 0.0
371.0 3.189042002078428 0.0 1.8815384615384616 0.0 1.515 0.0 1.512 0.0 0.2385635932634384 1.6400112980017054 1.0 0.0
372.0 3.1804927701106074 0.0 1.8853846153846154 0.0 1.515 0.0 1.512 0.0 0.2412087821681263 1.658186758809464 1.0 0.0
373.0 3.1721150852053612 0.0 1.8892307692307693 0.0 1.515 0.0 1.512 0.0 0.24395755090406865 1.6763020630115484 1.0 0.0
374.0 3.163903838349306 0.0 1.893076923076923 0.0 1.515 0.0 1.512 0.0 0.24681187938196958 1.6943605875429797 1.0 0.0
375.0 3.155854123803133 0.0 1.896923076923077 0.0 1.515 0.0 1.512 0.0 0.24977391286662085 1.7123655487057812 1.0 0.0
376.0 3.147961228976947 0.0 1.9007692307692308 0.0 1.515 0.0 1.512 0.0 0.25284596250137154 1.7303200059627923 1.0 0.0
377.0 3.1402206249104445 0.0 1.9046153846153846 0.0 1.515 0.0 1.512 0.0 0.2560305063822394 1.7482268648748998 1.0 0.0
378.0 3.1326279573158575 0.0 1.9084615384615384 0.0 1.515 0.0 1.512 0.0 0.25933019114425826 1.7660888791992448 1.0 0.0
379.0 3.125179038144964 0.0 1.9123076923076923 0.0 1.515 0.0 1.512 0.0 0.262747834026569 1.7839086521596266 1.0 0.0
380.0 3.117869837644442 0.0 1.916153846153846 0.0 1.515 0.0 1.512 0.0 0.26628642538587843 1.8016886368940743 1.0 0.0
381.0 3.110696476866668 0.0 1.92 0.0 1.515 0.0 1.512 0.0 0.2699491316303501 1.8194311360786992 1.0 0.0
382.0 3.1036552206055448 0.0 1.9249999999999998 0.0 1.515 0.0 1.512 0.0 0.2737392985477252 1.8371383007211202 1.0 0.0
383.0 3.0967424707292865 0.0 1.93 0.0 1.515 0.0 1.512 0.0 0.2776604550026318 1.8548121281111924 1.0 0.0
384.0 3.0899547598841828 0.0 1.935 0.0 1.515 0.0 1.512 0.0 0.28171631697855193 1.8724544589111864 1.0 0.0
385.0 3.0832887455453033 0.0 1.94 0.0 1.515 0.0 1.512 0.0 0.28591079193985836 1.8900669733620972 1.0 0.0
386.0 3.076741204391887 0.0 1.9449999999999998 0.0 1.515 0.0 1.512 0.0 0.29024798348865993 1.9076511865772954 1.0 0.0
387.0 3.0703090269867794 0.0 1.95 0.0 1.515 0.0 1.512 0.0 0.2947321962899044 1.925208442889171 1.0 0.0
388.0 3.063989212740771 0.0 1.955 0.0 1.515 0.0 1.512 0.0 0.2993679412362915 1.9427399092090578 1.0 0.0
389.0 3.057778865144081 0.0 1.96 0.0 1.515 0.0 1.512 0.0 0.3041599408219238 1.9602465673549654 1.0 0.0
390.0 3.051675187248467 0.0 1.9649999999999999 0.0 1.515 0.0 1.512 0.0 0.30911313469033 1.9777292052961586 1.0 0.0
391.0 3.045675477384633 0.0 1.97 0.0 1.515 0.0 1.512 0.0 0.3142326853184105 1.9951884072578658 1.0 0.0
392.0 3.0397771251006467 0.0 1.975 0.0 1.515 0.0 1.512 0.0 0.3195239837929208 2.012624542623667 1.0 0.0
393.0 3.033977607308095 0.0 1.98 0.0 1.515 0.0 1.512 0.0 0.3249926556302818 2.0300377535673033 1.0 0.0
394.0 3.02827448462359 0.0 1.9849999999999999 0.0 1.515 0.0 1.512 0.0 0.330644566583643 2.047427941339814 1.0 0.0
395.0 3.0226653978940967 0.0 1.99 0.0 1.515 0.0 1.512 0.0 0.3364858283732131 2.0647947511321694 1.0 0.0
396.0 3.0171480648953235 0.0 1.995 0.0 1.515 0.0 1.512 0.0 0.3425228042666756 2.082137555427718 1.0 0.0
397.0 3.011720277193126 0.0 2.0 0.0 1.515 0.0 1.512 0.0 0.3487621144260526 2.0994554357532764 1.0 0.0
398.0 3.006379897158562 0.0 2.005 0.0 1.515 0.0 1.512 0.0 0.3552106409253902 2.116747162732194 1.0 0.0
399.0 3.001124855127816 0.0 2.0100000000000002 0.0 1.515 0.0 1.512 0.0 0.3618755323300883 2.1340111743377683 1.0 0.0
400.0 2.995953146698819 0.0 2.015 0.0 1.515 0.0 1.512 0.0 0.36876420771332613 2.151245552240669 1.0 0.0
401.0 2.990862830156885 0.0 2.02 0.0 1.515 0.0 1.512 0.0 0.37588435996779906 2.168447996140245 1.0 0.0
402.0 2.9858520240222006 0.0 2.025 0.0 1.515 0.0 1.512 0.0 0.3832439582515258 2.185615795966278 1.0 0.0
403.0 2.9809189047124387 0.0 2.0300000000000002 0.0 1.515 0.0 1.512 0.0 0.3908512493848714 2.202745801835905 1.0 0.0
404.0 2.9760617043142052 0.0 2.035 0.0 1.515 0.0 1.512 0.0 0.39871475799172396 2.2198343916496808 1.0 0.0
405.0 2.9712787084574104 0.0 2.04 0.0 1.515 0.0 1.512 0.0 0.4068432851509833 2.236877436211952 1.0 0.0
406.0 2.9665682542870333 0.0 2.0450000000000004 0.0 1.515 0.0 1.512 0.0 0.41524590529485916 2.2538702617639346 1.0 0.0
407.0 2.961928728527066 0.0 2.0500000000000003 0.0 1.515 0.0 1.512 0.0 0.4239319610578764 2.2708076098238936 1.0 0.0
408.0 2.957358565631772 0.0 2.055 0.0 1.515 0.0 1.512 0.0 0.43291105574470834 2.2876835942379383 1.0 0.0
409.0 2.9528562460196537 0.0 2.06 0.0 1.515 0.0 1.512 0.0 0.44219304304604856 2.3044916553580888 1.0 0.0
410.0 2.9484202943858326 0.0 2.0650000000000004 0.0 1.515 0.0 1.512 0.0 0.4517880135894873 2.321224511281962 1.0 0.0
411.0 2.9440492780887744 0.0 2.0700000000000003 0.0 1.515 0.0 1.512 0.0 0.46170627786696294 2.3378741061117507 1.0 0.0
412.0 2.9397418056075417 0.0 2.075 0.0 1.515 0.0 1.512 0.0 0.4719583450318341 2.354431555219962 1.0 0.0
413.0 2.9354965250659926 0.0 2.0800000000000005 0.0 1.515 0.0 1.512 0.0 0.4825548970072926 2.370887087546887 1.0 0.0
414.0 2.931312122820525 0.0 2.0861111111111117 0.0 1.515 0.0 1.512 0.0 0.49350675729409166 2.387229985001165 1.0 0.0
415.0 2.927187322108188 0.0 2.0922222222222224 0.0 1.515 0.0 1.512 0.0 0.5048248538099899 2.403448519091361 1.0 0.0
416.0 2.9231208817521486 0.0 2.0983333333333336 0.0 1.515 0.0 1.512 0.0 0.5165201750368811 2.419529884984996 1.0 0.0
417.0 2.91911159492168 0.0 2.1044444444444443 0.0 1.515 0.0 1.512 0.0 0.5286037186953236 2.435460133273137 1.0 0.0
418.0 2.91515828794399 0.0 2.1105555555555555 0.0 1.515 0.0 1.512 0.0 0.5410864321117 2.451224099815422 1.0 0.0
419.0 2.9112598191653745 0.0 2.1166666666666667 0.0 1.515 0.0 1.512 0.0 0.5539791433925414 2.4668053341539693 1.0 0.0
420.0 2.9074150778592966 0.0 2.122777777777778 0.0 1.515 0.0 1.512 0.0 0.5672924824759249 2.4821860271164637 1.0 0.0
421.0 2.903622983179147 0.0 2.128888888888889 0.0 1.515 0.0 1.512 0.0 0.5810367910945771 2.4973469383808102 1.0 0.0
422.0 2.899882483153549 0.0 2.135 0.0 1.515 0.0 1.512 0.0 0.5952220206628338 2.5122673249471377 1.0 0.0
423.0 2.8961925537221993 0.0 2.141111111111111 0.0 1.515 0.0 1.512 0.0 0.6098576170945261 2.526924871658992 1.0 0.0
424.0 2.892552197810332 0.0 2.147222222222222 0.0 1.515 0.0 1.512 0.0 0.62495239157626 2.5412956251347745 1.0 0.0
425.0 2.888960444440006 0.0 2.1533333333333333 0.0 1.515 0.0 1.512 0.0 0.6405143763664952 2.555353932712756 1.0 0.0
426.0 2.8854163478765114 0.0 2.1594444444444445 0.0 1.515 0.0 1.512 0.0 0.6565506647722724 2.569072388277435 1.0 0.0
427.0 2.881918986808267 0.0 2.1655555555555557 0.0 1.515 0.0 1.512 0.0 0.6730672345797429 2.5824217871191024 1.0 0.0
428.0 2.8784674635586884 0.0 2.171666666666667 0.0 1.515 0.0 1.512 0.0 0.6900687543906977 2.5953710922788042 1.0 0.0
429.0 2.8750609033285692 0.0 2.1777777777777776 0.0 1.515 0.0 1.512 0.0 0.7075583725534418 2.607887415141285 1.0 0.0
430.0 2.8716984534675962 0.0 2.1838888888888888 0.0 1.515 0.0 1.512 0.0 0.7255374886821686 2.6199360133512433 1.0 0.0
431.0 2.8683792827736965 0.0 2.19 0.0 1.515 0.0 1.512 0.0 0.7440055081432457 2.6314803094323573 1.0 0.0
432.0 2.8651025808189754 0.0 2.197 0.0 1.515 0.0 1.512 0.0 0.7629595803579181 2.6424819337702776 1.0 0.0
433.0 2.8618675573010672 0.0 2.204 0.0 1.515 0.0 1.512 0.0 0.782394322335573 2.6529007958628283 1.0 0.0
434.0 2.8586734414187873 0.0 2.211 0.0 1.515 0.0 1.512 0.0 0.8023015295145163 2.6626951879222176 1.0 0.0
435.0 2.855519481271016 0.0 2.218 0.0 1.515 0.0 1.512 0.0 0.8226698767489806 2.671821925010612 1.0 0.0
436.0 2.8524049432778154 0.0 2.225 0.0 1.515 0.0 1.512 0.0 0.8434846131382145 2.6802365258742404 1.0 0.0
437.0 2.8493291116228137 0.0 2.232 0.0 1.515 0.0 1.512 0.0 0.8647272553359242 2.6878934384817406 1.0 0.0
438.0 2.84629128771595 0.0 2.239 0.0 1.515 0.0 1.512 0.0 0.8863752849886808 2.6947463139374173 1.0 0.0
439.0 2.8432907896757125 0.0 2.246 0.0 1.515 0.0 1.512 0.0 0.9084018570032719 2.70074833189715 1.0 0.0
440.0 2.8403269518300434 0.0 2.253 0.0 1.515 0.0 1.512 0.0 0.9307755263989906 2.705852579833471 1.0 0.0
441.0 2.8373991242351297 0.0 2.26 0.0 1.515 0.0 1.512 0.0 0.9534600025131945 2.7100124874512037 1.0 0.0
442.0 2.8345066722113286 0.0 2.267 0.0 1.515 0.0 1.512 0.0 0.9764139402384933 2.7131823162285813 1.0 0.0
443.0 2.8316489758955203 0.0 2.274 0.0 1.515 0.0 1.512 0.0 0.9995907787080683 2.7153177024453923 1.0 0.0
444.0 2.828825429809206 0.0 2.281 0.0 1.515 0.0 1.512 0.0 1.0229386383340653 2.7163762501698367 1.0 0.0
445.0 2.826035442441711 0.0 2.2880000000000003 0.0 1.515 0.0 1.512 0.0 1.0464002872599445 2.7163181685398547 1.0 0.0
446.0 2.823278435847871 0.0 2.295 0.0 1.515 0.0 1.512 0.0 1.0699131880278208 2.7151069453463634 1.0 0.0
447.0 2.8205538452596186 0.0 2.302 0.0 1.515 0.0 1.512 0.0 1.093409634509569 2.7127100464845455 1.0 0.0
448.0 2.817861118710912 0.0 2.309 0.0 1.515 0.0 1.512 0.0 1.1168169878425858 2.709099628390589 1.0 0.0
449.0 2.815199716675466 0.0 2.316 0.0 1.515 0.0 1.512 0.0 1.140058018207616 2.7042532482551853 1.0 0.0
450.0 2.812569111716778 0.0 2.323 0.0 1.515 0.0 1.512 0.0 1.163051356777952 2.6981545547513615 1.0 0.0
451.0 2.8099687881499693 0.0 2.33 0.0 1.515 0.0 1.512 0.0 1.1857120590870183 2.6907939403948014 1.0 0.0
452.0 2.807398241714964 0.0 2.339 0.0 1.515 0.0 1.512 0.0 1.2079522774811633 2.682169135632556 1.0 0.0
453.0 2.8048569792605735 0.0 2.3480000000000003 0.0 1.515 0.0 1.512 0.0 1.2296820363704584 2.6722857244815255 1.0 0.0
454.0 2.8023445184390576 0.0 2.357 0.0 1.515 0.0 1.512 0.0 1.25081009983385 2.661157562134327 1.0 0.0
455.0 2.7998603874107566 0.0 2.366 0.0 1.515 0.0 1.512 0.0 1.2712449169879407 2.648807076497062 1.0 0.0
456.0 2.797404124558409 0.0 2.375 0.0 1.515 0.0 1.512 0.0 1.2908956266310787 2.6352654381445073 1.0 0.0
457.0 2.7949752782107855 0.0 2.3840000000000003 0.0 1.515 0.0 1.512 0.0 1.309673099279188 2.620572586629525 1.0 0.0
458.0 2.792573406375281 0.0 2.3930000000000002 0.0 1.515 0.0 1.512 0.0 1.3274909920599962 2.604777105349973 1.0 0.0
459.0 2.79019807647913 0.0 2.402 0.0 1.515 0.0 1.512 0.0 1.3442667902417718 2.5879359420728627 1.0 0.0
460.0 2.7878488651189217 0.0 2.411 0.0 1.515 0.0 1.512 0.0 1.359922808601724 2.5701139774971073 1.0 0.0
461.0 2.7855253578181003 0.0 2.4200000000000004 0.0 1.515 0.0 1.512 0.0 1.3743871264786927 2.551383449614176 1.0 0.0
462.0 2.783227148792157 0.0 2.4290000000000003 0.0 1.515 0.0 1.512 0.0 1.3875944322123948 2.5318232467906987 1.0 0.0
463.0 2.780953840721229 0.0 2.438 0.0 1.515 0.0 1.512 0.0 1.3994867556682526 2.5115180871437888 1.0 0.0
464.0 2.7787050445298327 0.0 2.447 0.0 1.515 0.0 1.512 0.0 1.4100140715210914 2.490557605634573 1.0 0.0
465.0 2.7764803791734707 0.0 2.4560000000000004 0.0 1.515 0.0 1.512 0.0 1.4191347606909506 2.469035373149887 1.0 0.0
466.0 2.7742794714318584 0.0 2.4650000000000003 0.0 1.515 0.0 1.512 0.0 1.4268159225087897 2.447047873530309 1.0 0.0
467.0 2.7721019557085405 0.0 2.474 0.0 1.515 0.0 1.512 0.0 1.4330335355319086 2.4246934649740823 1.0 0.0
468.0 2.7699474738366567 0.0 2.483 0.0 1.515 0.0 1.512 0.0 1.4377724701233745 2.402071351525076 1.0 0.0
469.0 2.767815674890642 0.0 2.4920000000000004 0.0 1.515 0.0 1.512 0.0 1.4410263606769673 2.379280588543948 1.0 0.0
470.0 2.7657062150036498 0.0 2.5010000000000003 0.0 1.515 0.0 1.512 0.0 1.4427973494771211 2.3564191433353985 1.0 0.0
471.0 2.763618757190494 0.0 2.5100000000000002 0.0 1.515 0.0 1.512 0.0 1.4430957174616104 2.333583028678529 1.0 0.0
472.0 2.7615529711759175 0.0 2.5196000000000005 0.0 1.515 0.0 1.512 0.0 1.4419394195022885 2.3108655231254254 1.0 0.0
473.0 2.759508533227997 0.0 2.5292000000000003 0.0 1.515 0.0 1.512 0.0 1.4393535432048616 2.2883564878424476 1.0 0.0
474.0 2.7574851259965087 0.0 2.5388 0.0 1.515 0.0 1.512 0.0 1.4353697106849561 2.2661417857017607 1.0 0.0
475.0 2.7554824383560796 0.0 2.5484000000000004 0.0 1.515 0.0 1.512 0.0 1.4300254423900618 2.2443028044896023 1.0 0.0
476.0 2.7535001652539624 0.0 2.5580000000000003 0.0 1.515 0.0 1.512 0.0 1.423363500929845 2.2229160826437946 1.0 0.0
477.0 2.7515380075622704 0.0 2.5676000000000005 0.0 1.515 0.0 1.512 0.0 1.4154312311995756 2.2020530329821737 1.0 0.0
478.0 2.7495956719345287 0.0 2.5772000000000004 0.0 1.515 0.0 1.512 0.0 1.4062799109917479 2.1817797575052427 1.0 0.0
479.0 2.747672870666381 0.0 2.5868 0.0 1.515 0.0 1.512 0.0 1.3959641239455245 2.162156944577143 1.0 0.0
480.0 2.745769321560326 0.0 2.5964 0.0 1.515 0.0 1.512 0.0 1.384541164226455 2.143239838599644 1.0 0.0
481.0 2.7438847477943407 0.0 2.606 0.0 1.515 0.0 1.512 0.0 1.3720704798848962 2.1250782716551235 1.0 0.0
482.0 2.742018877794257 0.0 2.6155999999999997 0.0 1.515 0.0 1.512 0.0 1.3586131595128639 2.107716746447698 1.0 0.0
483.0 2.740171445109776 0.0 2.6252 0.0 1.515 0.0 1.512 0.0 1.3442314646840106 2.0911945601446793 1.0 0.0
484.0 2.738342188293988 0.0 2.6348 0.0 1.515 0.0 1.512 0.0 1.328988408774819 2.075545959335453 1.0 0.0
485.0 2.736530850786292 0.0 2.6444 0.0 1.515 0.0 1.512 0.0 1.3129473811615422 2.0608003172038183 1.0 0.0
486.0 2.734737180798602 0.0 2.654 0.0 1.515 0.0 1.512 0.0 1.2961718144831569 2.046982325078155 1.0 0.0
487.0 2.7329609312047203 0.0 2.6635999999999997 0.0 1.515 0.0 1.512 0.0 1.2787248916583378 2.034112191713342 1.0 0.0
488.0 2.7312018594327956 0.0 2.6732 0.0 1.515 0.0 1.512 0.0 1.2606692886354693 2.022205844908555 1.0 0.0
489.0 2.7294597273607466 0.0 2.6828 0.0 1.515 0.0 1.512 0.0 1.242066948423076 2.011275131323411 1.0 0.0
490.0 2.7277343012145683 0.0 2.6924 0.0 1.515 0.0 1.512 0.0 1.222978881771642 2.0013280115763394 1.0 0.0
491.0 2.726025351469421 0.0 2.702 0.0 1.515 0.0 1.512 0.0 1.2034649899311558 1.9923687488556074 1.0 0.0
492.0 2.7243326527534197 0.0 2.7116 0.0 1.515 0.0 1.512 0.0 1.1835839051634878 1.9843980903133096 1.0 0.0
493.0 2.722655983754029 0.0 2.7212 0.0 1.515 0.0 1.512 0.0 1.1633928451143263 1.977413441419522 1.0 0.0
494.0 2.720995127126991 0.0 2.7308 0.0 1.515 0.0 1.512 0.0 1.1429474777134128 1.971409034206354 1.0 0.0
495.0 2.719349869407702 0.0 2.7404 0.0 1.515 0.0 1.512 0.0 1.1223017939396198 1.9663760909138124 1.0 0.0
496.0 2.7177200009249574 0.0 2.75 0.0 1.515 0.0 1.512 0.0 1.1015079865231083 1.9623029849502251 1.0 0.0
497.0 2.716105315716999 0.0 2.7576 0.0 1.515 0.0 1.512 0.0 1.080616333422424 1.9591754012948663 1.0 0.0
498.0 2.7145056114497863 0.0 2.7652 0.0 1.515 0.0 1.512 0.0 1.0596750856717008 1.9569764985011915 1.0 0.0
499.0 2.712920689337426 0.0 2.7728 0.0 1.515 0.0 1.512 0.0 1.0387303599044078 1.955687074315264 1.0 0.0
500.0 2.711350354064694 0.0 2.7804 0.0 1.515 0.0 1.512 0.0 1.0178260364893927 1.9552857366226657 1.0 0.0
501.0 2.7097944137115855 0.0 2.788 0.0 1.515 0.0 1.512 0.0 0.9970036647310828 1.9557490810033957 1.0 0.0
502.0 2.708252679679827 0.0 2.7956 0.0 1.515 0.0 1.512 0.0 0.9763023769627707 1.957051875639714 1.0 0.0
503.0 2.7067249666212985 0.0 2.8032 0.0 1.515 0.0 1.512 0.0 0.9557588135832888 1.9591672537238412 1.0 0.0
504.0 2.7052110923683 0.0 2.8108 0.0 1.515 0.0 1.512 0.0 0.9354070611446358 1.9620669128912764 1.0 0.0
505.0 2.703710877865615 0.0 2.8184 0.0 1.515 0.0 1.512 0.0 0.9152786054946581 1.9657213206022561 1.0 0.0
506.0 2.702224147104309 0.0 2.826 0.0 1.515 0.0 1.512 0.0 0.8954023017272488 1.9700999238471586 1.0 0.0
507.0 2.7007507270572164 0.0 2.8336 0.0 1.515 0.0 1.512 0.0 0.8758043623155347 1.9751713610948658 1.0 0.0
508.0 2.699290447616067 0.0 2.8412 0.0 1.515 0.0 1.512 0.0 0.8565083643304233 1.9809036740621264 1.0 0.0
509.0 2.6978431415301944 0.0 2.8487999999999998 0.0 1.515 0.0 1.512 0.0 0.8375352761131506 1.9872645166731548 1.0 0.0
510.0 2.696408644346795 0.0 2.8564 0.0 1.515 0.0 1.512 0.0 0.8189035032121815 1.9942213585085613 1.0 0.0
511.0 2.6949867943526753 0.0 2.864 0.0 1.515 0.0 1.512 0.0 0.8006289528479991 2.001741680107508 1.0 0.0
512.0 2.693577432517457 0.0 2.8716 0.0 1.515 0.0 1.512 0.0 0.7827251156659216 2.0097931576742294 1.0 0.0
513.0 2.692180402438192 0.0 2.8792 0.0 1.515 0.0 1.512 0.0 0.7652031631030173 2.0183438350300715 1.0 0.0
514.0 2.6907955502853462 0.0 2.8868 0.0 1.515 0.0 1.512 0.0 0.7480720583496682 2.027362281020462 1.0 0.0
515.0 2.6894227247501137 0.0 2.8944 0.0 1.515 0.0 1.512 0.0 0.7313386786397489 2.036817731005854 1.0 0.0
516.0 2.6880617769930226 0.0 2.902 0.0 1.515 0.0 1.512 0.0 0.7150079464596172 2.046680211509616 1.0 0.0
517.0 2.6867125605937994 0.0 2.9095999999999997 0.0 1.515 0.0 1.512 0.0 0.699082967221195 2.056920647539039 1.0 0.0
518.0 2.685374931502448 0.0 2.9172 0.0 1.515 0.0 1.512 0.0 0.6835651709892738 2.067510952516611 1.0 0.0
519.0 2.684048747991517 0.0 2.9248 0.0 1.515 0.0 1.512 0.0 0.6684544559748148 2.078424101140236 1.0 0.0
520.0 2.6827338706095163 0.0 2.9324 0.0 1.515 0.0 1.512 0.0 0.6537493316885938 2.0896341858211533 1.0 0.0
521.0 2.681430162135457 0.0 2.94 0.0 1.515 0.0 1.512 0.0 0.6394470598768157 2.1011164576194665 1.0 0.0
522.0 2.6801374875344703 0.0 2.9485714285714284 0.0 1.515 0.0 1.512 0.0 0.6255437916160413 2.1128473528065945 1.0 0.0
523.0 2.678855713914496 0.0 2.9571428571428573 0.0 1.515 0.0 1.512 0.0 0.6120346992139424 2.124804506332764 1.0 0.0
524.0 2.6775847104839876 0.0 2.9657142857142857 0.0 1.515 0.0 1.512 0.0 0.5989141018327316 2.136966753569176 1.0 0.0
525.0 2.676324348510625 0.0 2.974285714285714 0.0 1.515 0.0 1.512 0.0 0.5861755840124895 2.1493141217353675 1.0 0.0
526.0 2.6750745012809936 0.0 2.9828571428571427 0.0 1.515 0.0 1.512 0.0 0.573812106514677 2.161827812419165 1.0 0.0
527.0 2.673835044061214 0.0 2.9914285714285715 0.0 1.515 0.0 1.512 0.0 0.5618161091259264 2.174490176557819 1.0 0.0
528.0 2.672605854058488 0.0 3.0 0.0 1.515 0.0 1.512 0.0 0.5501796052556617 2.187284683181882 1.0 0.0
529.0 2.6713868103835385 0.0 3.0085714285714285 0.0 1.515 0.0 1.512 0.0 0.5388942683263839 2.2001958831359856 1.0 0.0
530.0 2.6701777940139237 0.0 3.0171428571428573 0.0 1.515 0.0 1.512 0.0 0.527951510092861 2.2132093688892525 1.0 0.0
531.0 2.6689786877581936 0.0 3.025714285714286 0.0 1.515 0.0 1.512 0.0 0.5173425511369223 2.2263117314387144 1.0 0.0
532.0 2.667789376220873 0.0 3.0342857142857143 0.0 1.515 0.0 1.512 0.0 0.5070584838700153 2.2394905151966706 1.0 0.0
533.0 2.666609745768247 0.0 3.0428571428571427 0.0 1.515 0.0 1.512 0.0 0.4970903284387377 2.252734171641207 1.0 0.0
534.0 2.665439684494924 0.0 3.0514285714285716 0.0 1.515 0.0 1.512 0.0 0.4874290819718358 2.2660320124012405 1.0 0.0
535.0 2.664279082191163 0.0 3.06 0.0 1.515 0.0 1.512 0.0 0.47806576163353814 2.279374162345588 1.0 0.0
536.0 2.6631278303109354 0.0 3.0685714285714285 0.0 1.515 0.0 1.512 0.0 0.46899144196035636 2.292751513151173 1.0 0.0
537.0 2.6619858219407124 0.0 3.0771428571428574 0.0 1.515 0.0 1.512 0.0 0.4601972869591722 2.3061556777395995 1.0 0.0
538.0 2.6608529517689505 0.0 3.085714285714286 0.0 1.515 0.0 1.512 0.0 0.451674577436114 2.319578945893962 1.0 0.0
539.0 2.659729116056257 0.0 3.0942857142857143 0.0 1.515 0.0 1.512 0.0 0.4434147340102511 2.3330142412995674 1.0 0.0
540.0 2.6586142126062295 0.0 3.1028571428571428 0.0 1.515 0.0 1.512 0.0 0.43540933624554984 2.3464550801924418 1.0 0.0
541.0 2.6575081407369323 0.0 3.1114285714285717 0.0 1.515 0.0 1.512 0.0 0.4276501383104052 2.359895531747849 1.0 0.0
542.0 2.656410801253014 0.0 3.12 0.0 1.515 0.0 1.512 0.0 0.42012908154749234 2.3733301802971396 1.0 0.0
543.0 2.6553220964184305 0.0 3.1285714285714286 0.0 1.515 0.0 1.512 0.0 0.4128383043090348 2.386754089424029 1.0 0.0
544.0 2.6542419299297757 0.0 3.1371428571428575 0.0 1.515 0.0 1.512 0.0 0.40577014938438033 2.4001627679607296 1.0 0.0
545.0 2.653170206890189 0.0 3.145714285714286 0.0 1.515 0.0 1.512 0.0 0.3989171693189972 2.413552137878955 1.0 0.0
546.0 2.6521068337838347 0.0 3.1542857142857144 0.0 1.515 0.0 1.512 0.0 0.39227212989687155 2.426918504050476 1.0 0.0
547.0 2.6510517184509372 0.0 3.162857142857143 0.0 1.515 0.0 1.512 0.0 0.3858280120323419 2.4402585258357785 1.0 0.0
548.0 2.650004770063352 0.0 3.1714285714285717 0.0 1.515 0.0 1.512 0.0 0.3795780122928438 2.4535691904468484 1.0 0.0
549.0 2.648965899100669 0.0 3.18 0.0 1.515 0.0 1.512 0.0 0.3735155422509977 2.466847788020763 1.0 0.0
550.0 2.647935017326822 0.0 3.181212121212121 0.0 1.515 0.0 1.512 0.0 0.3676342268430791 2.4800918883340075 1.0 0.0
551.0 2.6469120377672084 0.0 3.1824242424242426 0.0 1.515 0.0 1.512 0.0 0.3619279018911621 2.4932993190829387 1.0 0.0
552.0 2.645896874686287 0.0 3.1836363636363636 0.0 1.515 0.0 1.512 0.0 0.35639061092816926 2.5064681456530122 1.0 0.0
553.0 2.6448894435656594 0.0 3.184848484848485 0.0 1.515 0.0 1.512 0.0 0.35101660144854524 2.5195966522982562 1.0 0.0
554.0 2.643889661082611 0.0 3.186060606060606 0.0 1.515 0.0 1.512 0.0 0.34580032069236877 2.5326833246523437 1.0 0.0
555.0 2.6428974450891083 0.0 3.1872727272727275 0.0 1.515 0.0 1.512 0.0 0.3407364110572219 2.5457268334935743 1.0 0.0
556.0 2.641912714591233 0.0 3.1884848484848485 0.0 1.515 0.0 1.512 0.0 0.3358197052200225 2.5587260196877475 1.0 0.0
557.0 2.640935389729053 0.0 3.18969696969697 0.0 1.515 0.0 1.512 0.0 0.33104522104018813 2.5716798802351075 1.0 0.0
558.0 2.6399653917569075 0.0 3.190909090909091 0.0 1.515 0.0 1.512 0.0 0.32640815630583386 2.584587555350184 1.0 0.0
559.0 2.639002643024109 0.0 3.1921212121212124 0.0 1.515 0.0 1.512 0.0 0.3219038833760843 2.5974483165063535 1.0 0.0
560.0 2.638047066956038 0.0 3.1933333333333334 0.0 1.515 0.0 1.512 0.0 0.3175279437649809 2.610261555380026 1.0 0.0
561.0 2.637098588035632 0.0 3.194545454545455 0.0 1.515 0.0 1.512 0.0 0.31327604270570847 2.6230267736326827 1.0 0.0
562.0 2.636157131785259 0.0 3.195757575757576 0.0 1.515 0.0 1.512 0.0 0.3091440437279459 2.635743573472235 1.0 0.0
563.0 2.6352226247489545 0.0 3.1969696969696972 0.0 1.515 0.0 1.512 0.0 0.305127963275899 2.648411648938592 1.0 0.0
564.0 2.6342949944750296 0.0 3.1981818181818182 0.0 1.515 0.0 1.512 0.0 0.30122396539003277 2.6610307778614692 1.0 0.0
565.0 2.6333741694990294 0.0 3.1993939393939397 0.0 1.515 0.0 1.512 0.0 0.2974283564714958 2.673600814441761 1.0 0.0
566.0 2.6324600793270365 0.0 3.2006060606060607 0.0 1.515 0.0 1.512 0.0 0.29373758014475554 2.68612168241086 1.0 0.0
567.0 2.6315526544193175 0.0 3.201818181818182 0.0 1.515 0.0 1.512 0.0 0.2901482122309402 2.6985933687252475 1.0 0.0
568.0 2.6306518261742915 0.0 3.203030303030303 0.0 1.515 0.0 1.512 0.0 0.28665695584174256 2.711015917756623 1.0 0.0
569.0 2.6297575269128286 0.0 3.2042424242424246 0.0 1.515 0.0 1.512 0.0 0.28326063660149237 2.723389425940451 1.0 0.0
570.0 2.6288696898628583 0.0 3.2054545454545456 0.0 1.515 0.0 1.512 0.0 0.27995619800304417 2.735714036848439 1.0 0.0
571.0 2.6279882491442845 0.0 3.206666666666667 0.0 1.515 0.0 1.512 0.0 0.27674069690144876 2.7479899366528966 1.0 0.0
572.0 2.627113139754205 0.0 3.207878787878788 0.0 1.515 0.0 1.512 0.0 0.2736112991479626 2.7602173499531717 1.0 0.0
573.0 2.62624429755242 0.0 3.2090909090909094 0.0 1.515 0.0 1.512 0.0 0.27056527536572267 2.772396535936557 1.0 0.0
574.0 2.6253816592472266 0.0 3.2103030303030304 0.0 1.515 0.0 1.512 0.0 0.2675999968673936 2.784527784848037 1.0 0.0
575.0 2.624525162381499 0.0 3.211515151515152 0.0 1.515 0.0 1.512 0.0 0.26471293171422267 2.7966114147451964 1.0 0.0
576.0 2.623674745319034 0.0 3.212727272727273 0.0 1.515 0.0 1.512 0.0 0.26190164091523 2.808647768516278 1.0 0.0
577.0 2.622830347231168 0.0 3.2139393939393943 0.0 1.515 0.0 1.512 0.0 0.25916377476465724 2.820637211141102 1.0 0.0
578.0 2.6219919080836567 0.0 3.2151515151515153 0.0 1.515 0.0 1.512 0.0 0.25649706931530697 2.832580127176045 1.0 0.0
579.0 2.6211593686238053 0.0 3.2163636363636368 0.0 1.515 0.0 1.512 0.0 0.25389934298501693 2.8444769184457077 1.0 0.0
580.0 2.6203326703678504 0.0 3.2175757575757578 0.0 1.515 0.0 1.512 0.0 0.2513684932931946 2.8563280019252146 1.0 0.0
581.0 2.619511755588588 0.0 3.218787878787879 0.0 1.515 0.0 1.512 0.0 0.24890249372409404 2.868133807798311 1.0 0.0
582.0 2.6186965673032327 0.0 3.22 0.0 1.515 0.0 1.512 0.0 0.24649939071332683 2.8798947776775794 1.0 0.0
583.0 2.617887049261518 0.0 3.218571428571429 0.0 1.515 0.0 1.512 0.0 0.2441573007539722 2.891611362974099 1.0 0.0
584.0 2.617083145934019 0.0 3.2171428571428575 0.0 1.515 0.0 1.512 0.0 0.24187440761855972 2.903284023404874 1.0 0.0
585.0 2.6162848025007 0.0 3.2157142857142857 0.0 1.515 0.0 1.512 0.0 0.2396489596931273 2.914913225627301 1.0 0.0
586.0 2.6154919648396757 0.0 3.2142857142857144 0.0 1.515 0.0 1.512 0.0 0.23747926741956582 2.926499441990657 1.0 0.0
587.0 2.6147045795161934 0.0 3.212857142857143 0.0 1.515 0.0 1.512 0.0 0.23536370084243757 2.93804314939546 1.0 0.0
588.0 2.613922593771814 0.0 3.2114285714285717 0.0 1.515 0.0 1.512 0.0 0.2333006872564863 2.9495448282522854 1.0 0.0
589.0 2.6131459555138035 0.0 3.21 0.0 1.515 0.0 1.512 0.0 0.23128870895112316 2.961004961532104 1.0 0.0
590.0 2.61237461330472 0.0 3.2085714285714286 0.0 1.515 0.0 1.512 0.0 0.2293263010481918 2.972424033901065 1.0 0.0
591.0 2.6116085163521947 0.0 3.2071428571428573 0.0 1.515 0.0 1.512 0.0 0.22741204942942775 2.9838025309329654 1.0 0.0
592.0 2.6108476144989092 0.0 3.205714285714286 0.0 1.515 0.0 1.512 0.0 0.22554458875007352 2.9951409383933494 1.0 0.0
593.0 2.6100918582127504 0.0 3.204285714285714 0.0 1.515 0.0 1.512 0.0 0.22372260053522613 3.006439741589513 1.0 0.0
594.0 2.609341198577156 0.0 3.202857142857143 0.0 1.515 0.0 1.512 0.0 0.2219448113555684 3.0176994247812323 1.0 0.0
595.0 2.6085955872816324 0.0 3.2014285714285715 0.0 1.515 0.0 1.512 0.0 0.22020999107923964 3.028920470647396 1.0 0.0
596.0 2.6078549766124506 0.0 3.2 0.0 1.515 0.0 1.512 0.0 0.21851695119671252 3.040103359804062 1.0 0.0
597.0 2.607119319443512 0.0 3.198571428571429 0.0 1.515 0.0 1.512 0.0 0.2168645432156251 3.051248570369898 1.0 0.0
598.0 2.6063885692273807 0.0 3.197142857142857 0.0 1.515 0.0 1.512 0.0 0.21525165712264563 3.062356577575145 1.0 0.0
599.0 2.605662679986479 0.0 3.1957142857142857 0.0 1.515 0.0 1.512 0.0 0.21367721990952784 3.0734278534107 1.0 0.0
600.0 2.6049416063044464 0.0 3.1942857142857144 0.0 1.515 0.0 1.512 0.0 0.21214019416063912 3.0844628663140226 1.0 0.0
601.0 2.60422530331765 0.0 3.192857142857143 0.0 1.515 0.0 1.512 0.0 0.210639576699331 3.095462080888942 1.0 0.0
602.0 2.6035137267068533 0.0 3.1914285714285713 0.0 1.515 0.0 1.512 0.0 0.20917439729063267 3.1064259576566093 1.0 0.0
603.0 2.6028068326890326 0.0 3.19 0.0 1.515 0.0 1.512 0.0 0.20774371739784184 3.1173549528350435 1.0 0.0
604.0 2.602104578009339 0.0 3.1885714285714286 0.0 1.515 0.0 1.512 0.0 0.2063466289906843 3.128249518145003 1.0 0.0
605.0 2.601406919933209 0.0 3.1871428571428573 0.0 1.515 0.0 1.512 0.0 0.20498225340281748 3.1391101006399227 1.0 0.0
606.0 2.600713816238612 0.0 3.185714285714286 0.0 1.515 0.0 1.512 0.0 0.2036497402365271 3.149937142558052 1.0 0.0
607.0 2.6000252252084377 0.0 3.184285714285714 0.0 1.515 0.0 1.512 0.0 0.20234826631257752 3.1607310811948577 1.0 0.0
608.0 2.5993411056230165 0.0 3.182857142857143 0.0 1.515 0.0 1.512 0.0 0.20107703466324425 3.171492348794063 1.0 0.0
609.0 2.5986614167527757 0.0 3.1814285714285715 0.0 1.515 0.0 1.512 0.0 0.19983527356665276 3.1822213724557407 1.0 0.0
610.0 2.5979861183510238 0.0 3.18 0.0 1.515 0.0 1.512 0.0 0.1986222356206237 3.1929185740600095 1.0 0.0
611.0 2.5973151706468594 0.0 3.1785714285714284 0.0 1.515 0.0 1.512 0.0 0.19743719685430422 3.203584370205022 1.0 0.0
612.0 2.5966485343382084 0.0 3.177142857142857 0.0 1.515 0.0 1.512 0.0 0.1962794558759374 3.214219172158022 1.0 0.0
613.0 2.595986170584981 0.0 3.1757142857142857 0.0 1.515 0.0 1.512 0.0 0.1951483330552 3.2248233858183077 1.0 0.0
614.0 2.5953280410023476 0.0 3.1742857142857144 0.0 1.515 0.0 1.512 0.0 0.19404316973860067 3.235397411691107 1.0 0.0
615.0 2.594674107654133 0.0 3.1728571428571426 0.0 1.515 0.0 1.512 0.0 0.19296332749650558 3.245941644871344 1.0 0.0
616.0 2.5940243330463244 0.0 3.1714285714285713 0.0 1.515 0.0 1.512 0.0 0.19190818740041332 3.2564564750364675 1.0 0.0
617.0 2.5933786801206913 0.0 3.17 0.0 1.515 0.0 1.512 0.0 0.19087714932917052 3.2669422864474855 1.0 0.0
618.0 2.5927371122485168 0.0 3.168095238095238 0.0 1.515 0.0 1.512 0.0 0.18986963130287532 3.2773994579574404 1.0 0.0
619.0 2.592099593224434 0.0 3.166190476190476 0.0 1.515 0.0 1.512 0.0 0.18888506884326686 3.287828363026686 1.0 0.0
620.0 2.5914660872603728 0.0 3.164285714285714 0.0 1.515 0.0 1.512 0.0 0.187922914359464 3.2982293697442513 1.0 0.0
621.0 2.590836558979603 0.0 3.1623809523809525 0.0 1.515 0.0 1.512 0.0 0.1869826365579568 3.308602840854754 1.0 0.0
622.0 2.590210973410887 0.0 3.1604761904761904 0.0 1.515 0.0 1.512 0.0 0.18606371987580989 3.318949133790289 1.0 0.0
623.0 2.589589295982726 0.0 3.1585714285714284 0.0 1.515 0.0 1.512 0.0 0.18516566393608155 3.329268600706814 1.0 0.0
624.0 2.588971492517705 0.0 3.1566666666666667 0.0 1.515 0.0 1.512 0.0 0.18428798302450947 3.339561588524533 1.0 0.0
625.0 2.5883575292269376 0.0 3.1547619047619047 0.0 1.515 0.0 1.512 0.0 0.1834302055865525 3.3498284389718926 1.0 0.0
626.0 2.587747372704595 0.0 3.1528571428571426 0.0 1.515 0.0 1.512 0.0 0.18259187374392444 3.3600694886327735 1.0 0.0
627.0 2.5871409899225384 0.0 3.150952380952381 0.0 1.515 0.0 1.512 0.0 0.18177254282979016 3.3702850689965222 1.0 0.0
628.0 2.586538348225033 0.0 3.149047619047619 0.0 1.515 0.0 1.512 0.0 0.1809717809418348 3.380475506510495 1.0 0.0
629.0 2.5859394153235526 0.0 3.1471428571428572 0.0 1.515 0.0 1.512 0.0 0.18018916851245145 3.390641122634794 1.0 0.0
630.0 2.5853441592916746 0.0 3.145238095238095 0.0 1.515 0.0 1.512 0.0 0.17942429789532402 3.4007822338989473 1.0 0.0
631.0 2.584752548560052 0.0 3.143333333333333 0.0 1.515 0.0 1.512 0.0 0.178676772967721 3.4108991519602325 1.0 0.0
632.0 2.5841645519114755 0.0 3.1414285714285715 0.0 1.515 0.0 1.512 0.0 0.17794620874783848 3.420992183663445 1.0 0.0
633.0 2.583580138476016 0.0 3.1395238095238094 0.0 1.515 0.0 1.512 0.0 0.17723223102656732 3.4310616311018696 1.0 0.0
634.0 2.5829992777262443 0.0 3.1376190476190473 0.0 1.515 0.0 1.512 0.0 0.1765344760130823 3.4411077916792703 1.0 0.0
635.0 2.582421939472532 0.0 3.1357142857142857 0.0 1.515 0.0 1.512 0.0 0.17585258999368264 3.451130958172703 1.0 0.0
636.0 2.5818480938584267 0.0 3.1338095238095236 0.0 1.515 0.0 1.512 0.0 0.17518622900333325 3.4611314187959996 1.0 0.0
637.0 2.581277711356109 0.0 3.131904761904762 0.0 1.515 0.0 1.512 0.0 0.17453505850938617 3.471109457263757 1.0 0.0
638.0 2.580710762761915 0.0 3.13 0.0 1.515 0.0 1.512 0.0 0.17389875310698055 3.4810653528557003 1.0 0.0
639.0 2.5801472191919363 0.0 3.128095238095238 0.0 1.515 0.0 1.512 0.0 0.17327699622564427 3.4909993804812904 1.0 0.0
640.0 2.579587052077694 0.0 3.126190476190476 0.0 1.515 0.0 1.512 0.0 0.17266947984663997 3.500911810744453 1.0 0.0
641.0 2.579030233161876 0.0 3.124285714285714 0.0 1.515 0.0 1.512 0.0 0.17207590423061905 3.5108029100083358 1.0 0.0
642.0 2.578476734494148 0.0 3.1223809523809525 0.0 1.515 0.0 1.512 0.0 0.17149597765516647 3.5206729404599915 1.0 0.0
643.0 2.5779265284270303 0.0 3.1204761904761904 0.0 1.515 0.0 1.512 0.0 0.17092941616183702 3.530522160174894 1.0 0.0
644.0 2.5773795876118415 0.0 3.1185714285714283 0.0 1.515 0.0 1.512 0.0 0.17037594331230205 3.540350823181216 1.0 0.0
645.0 2.576835884994704 0.0 3.1166666666666667 0.0 1.515 0.0 1.512 0.0 0.16983528995324132 3.550159179523792 1.0 0.0
646.0 2.57629539381262 0.0 3.1147619047619046 0.0 1.515 0.0 1.512 0.0 0.16930719398963076 3.559947475327706 1.0 0.0
647.0 2.5757580875896 0.0 3.1128571428571425 0.0 1.515 0.0 1.512 0.0 0.16879140016609248 3.5697159528614484 1.0 0.0
648.0 2.5752239401328634 0.0 3.110952380952381 0.0 1.515 0.0 1.512 0.0 0.16828765985598854 3.579464850599572 1.0 0.0
649.0 2.574692925529091 0.0 3.109047619047619 0.0 1.515 0.0 1.512 0.0 0.16779573085795116 3.5891944032848215 1.0 0.0
650.0 2.574165018140741 0.0 3.107142857142857 0.0 1.515 0.0 1.512 0.0 0.16731537719955794 3.5989048419896923 1.0 0.0
651.0 2.5736401926024217 0.0 3.105238095238095 0.0 1.515 0.0 1.512 0.0 0.1668463689478722 3.608596394177364 1.0 0.0
652.0 2.573118423817321 0.0 3.103333333333333 0.0 1.515 0.0 1.512 0.0 0.16638848202658052 3.6182692837619883 1.0 0.0
653.0 2.572599686953692 0.0 3.1014285714285714 0.0 1.515 0.0 1.512 0.0 0.16594149803947034 3.62792373116831 1.0 0.0
654.0 2.5720839574413947 0.0 3.0995238095238093 0.0 1.515 0.0 1.512 0.0 0.1655052041000023 3.63755995339058 1.0 0.0
655.0 2.571571210968489 0.0 3.0976190476190473 0.0 1.515 0.0 1.512 0.0 0.1650793926667431 3.6471781640507457 1.0 0.0
656.0 2.5710614234778832 0.0 3.0957142857142856 0.0 1.515 0.0 1.512 0.0 0.16466386138443165 3.656778573455907 1.0 0.0
657.0 2.5705545711640316 0.0 3.0938095238095236 0.0 1.515 0.0 1.512 0.0 0.16425841293046484 3.6663613886549955 1.0 0.0
658.0 2.570050630469688 0.0 3.091904761904762 0.0 1.515 0.0 1.512 0.0 0.16386285486659447 3.6759268134947085 1.0 0.0
659.0 2.569549578082704 0.0 3.09 0.0 1.515 0.0 1.512 0.0 0.16347699949563835 3.685475048674642 1.0 0.0
660.0 2.569051390932877 0.0 3.089111111111111 0.0 1.515 0.0 1.512 0.0 0.16310066372301563 3.695006291801633 1.0 0.0
661.0 2.568556046188854 0.0 3.088222222222222 0.0 1.515 0.0 1.512 0.0 0.1627336689229237 3.70452073744331 1.0 0.0
662.0 2.5680635212550706 0.0 3.087333333333333 0.0 1.515 0.0 1.512 0.0 0.16237584080898304 3.714018577180842 1.0 0.0
663.0 2.567573793768747 0.0 3.086444444444444 0.0 1.515 0.0 1.512 0.0 0.1620270093091829 3.7234999996608624 1.0 0.0
664.0 2.567086841596926 0.0 3.0855555555555556 0.0 1.515 0.0 1.512 0.0 0.16168700844496603 3.732965190646616 1.0 0.0
665.0 2.566602642833553 0.0 3.0846666666666667 0.0 1.515 0.0 1.512 0.0 0.1613556762143016 3.742414333068256 1.0 0.0
666.0 2.566121175796607 0.0 3.0837777777777777 0.0 1.515 0.0 1.512 0.0 0.16103285447859536 3.7518476070723703 1.0 0.0
667.0 2.5656424190252674 0.0 3.082888888888889 0.0 1.515 0.0 1.512 0.0 0.16071838885329792 3.7612651900706777 1.0 0.0
668.0 2.5651663512771297 0.0 3.082 0.0 1.515 0.0 1.512 0.0 0.1604121286020758 3.7706672567879154 1.0 0.0
669.0 2.564692951525461 0.0 3.081111111111111 0.0 1.515 0.0 1.512 0.0 0.16011392653441175 3.7800539793089585 1.0 0.0
670.0 2.5642221989564926 0.0 3.080222222222222 0.0 1.515 0.0 1.512 0.0 0.15982363890651405 3.7894255271251005 1.0 0.0
671.0 2.563754072966761 0.0 3.079333333333333 0.0 1.515 0.0 1.512 0.0 0.15954112532541068 3.7987820671795767 1.0 0.0
672.0 2.563288553160482 0.0 3.078444444444444 0.0 1.515 0.0 1.512 0.0 0.15926624865611547 3.8081237639122905 1.0 0.0
673.0 2.562825619346966 0.0 3.077555555555555 0.0 1.515 0.0 1.512 0.0 0.1589988749317553 3.8174507793037606 1.0 0.0
674.0 2.5623652515380733 0.0 3.0766666666666667 0.0 1.515 0.0 1.512 0.0 0.15873887326655156 3.826763272918297 1.0 0.0
675.0 2.561907429945704 0.0 3.0757777777777777 0.0 1.515 0.0 1.512 0.0 0.1584861157715539 3.836061401946437 1.0 0.0
676.0 2.5614521349793296 0.0 3.074888888888889 0.0 1.515 0.0 1.512 0.0 0.15824047747302986 3.8453453212465853 1.0 0.0
677.0 2.5609993472435524 0.0 3.074 0.0 1.515 0.0 1.512 0.0 0.15800183623341366 3.854615183385948 1.0 0.0
678.0 2.5605490475357136 0.0 3.073111111111111 0.0 1.515 0.0 1.512 0.0 0.15777007267472584 3.8638711386807176 1.0 0.0
679.0 2.5601012168435235 0.0 3.072222222222222 0.0 1.515 0.0 1.512 0.0 0.15754507010437627 3.8731133352355136 1.0 0.0
680.0 2.5596558363427344 0.0 3.071333333333333 0.0 1.515 0.0 1.512 0.0 0.15732671444326637 3.882341918982137 1.0 0.0
681.0 2.5592128873948465 0.0 3.070444444444444 0.0 1.515 0.0 1.512 0.0 0.15711489415611096 3.891557033717591 1.0 0.0
682.0 2.558772351544844 0.0 3.069555555555555 0.0 1.515 0.0 1.512 0.0 0.15690950018390265 3.9007588211414186 1.0 0.0
683.0 2.5583342105189666 0.0 3.0686666666666667 0.0 1.515 0.0 1.512 0.0 0.15671042587844367 3.9099474208923413 1.0 0.0
684.0 2.5578984462225125 0.0 3.0677777777777777 0.0 1.515 0.0 1.512 0.0 0.15651756693887497 3.919122970584233 1.0 0.0
685.0 2.5574650407376756 0.0 3.0668888888888888 0.0 1.515 0.0 1.512 0.0 0.1563308213501329 3.9282856058414213 1.0 0.0
686.0 2.557033976321407 0.0 3.066 0.0 1.515 0.0 1.512 0.0 0.15615008932326785 3.9374354603333224 1.0 0.0
687.0 2.5566052354033175 0.0 3.065111111111111 0.0 1.515 0.0 1.512 0.0 0.15597527323756205 3.9465726658084423 1.0 0.0
688.0 2.5561788005836013 0.0 3.064222222222222 0.0 1.515 0.0 1.512 0.0 0.15580627758438342 3.9556973521277405 1.0 0.0
689.0 2.555754654630992 0.0 3.063333333333333 0.0 1.515 0.0 1.512 0.0 0.15564300891271923 3.964809647297364 1.0 0.0
690.0 2.555332780480753 0.0 3.062444444444444 0.0 1.515 0.0 1.512 0.0 0.1554853757763309 3.973909677500762 1.0 0.0
691.0 2.5549131612326863 0.0 3.061555555555555 0.0 1.515 0.0 1.512 0.0 0.15533328868247626 3.9829975671302114 1.0 0.0
692.0 2.554495780149181 0.0 3.060666666666666 0.0 1.515 0.0 1.512 0.0 0.1551866600421469 3.9920734388177257 1.0 0.0
693.0 2.55408062065328 0.0 3.0597777777777777 0.0 1.515 0.0 1.512 0.0 0.15504540412177 4.001137413465401 1.0 0.0
694.0 2.553667666326779 0.0 3.0588888888888888 0.0 1.515 0.0 1.512 0.0 0.15490943699632537 4.0101896102751775 1.0 0.0
695.0 2.5532569009083534 0.0 3.058 0.0 1.515 0.0 1.512 0.0 0.154778676503832 4.019230146778037 1.0 0.0
696.0 2.552848308291707 0.0 3.057111111111111 0.0 1.515 0.0 1.512 0.0 0.15465304220115797 4.028259138862652 1.0 0.0
697.0 2.552441872523749 0.0 3.056222222222222 0.0 1.515 0.0 1.512 0.0 0.15453245532111082 4.037276700803486 1.0 0.0
698.0 2.5520375778028006 0.0 3.055333333333333 0.0 1.515 0.0 1.512 0.0 0.15441683873076573 4.046282945288365 1.0 0.0
699.0 2.551635408476818 0.0 3.054444444444444 0.0 1.515 0.0 1.512 0.0 0.15430611689099266 4.055277983445521 1.0 0.0
700.0 2.5512353490416477 0.0 3.053555555555555 0.0 1.515 0.0 1.512 0.0 0.1542002158171414 4.064261924870132 1.0 0.0
701.0 2.550837384139304 0.0 3.052666666666666 0.0 1.515 0.0 1.512 0.0 0.15409906304084892 4.07323487765034 1.0 0.0
702.0 2.5504414985562676 0.0 3.0517777777777777 0.0 1.515 0.0 1.512 0.0 0.1540025875729319 4.082196948392788 1.0 0.0
703.0 2.5500476772218126 0.0 3.0508888888888888 0.0 1.515 0.0 1.512 0.0 0.1539107198673294 4.091148242247672 1.0 0.0
704.0 2.5496559052063525 0.0 3.05 0.0 1.515 0.0 1.512 0.0 0.15382339178606294 4.100088862933306 1.0 0.0
705.0 2.549266167719812 0.0 3.050576923076923 0.0 1.515 0.0 1.512 0.0 0.15374053656518066 4.109018912760227 1.0 0.0
706.0 2.5488784501100175 0.0 3.051153846153846 0.0 1.515 0.0 1.512 0.0 0.1536620887816545 4.117938492654855 1.0 0.0
707.0 2.5484927378611153 0.0 3.051730769230769 0.0 1.515 0.0 1.512 0.0 0.15358798432120085 4.12684770218267 1.0 0.0
708.0 2.5481090165920044 0.0 3.052307692307692 0.0 1.515 0.0 1.512 0.0 0.1535181603469946 4.135746639570982 1.0 0.0
709.0 2.5477272720547988 0.0 3.0528846153846154 0.0 1.515 0.0 1.512 0.0 0.15345255526924914 4.144635401731253 1.0 0.0
710.0 2.547347490133303 0.0 3.0534615384615384 0.0 1.515 0.0 1.512 0.0 0.15339110871563483 4.1535140842810065 1.0 0.0
711.0 2.5469696568415134 0.0 3.0540384615384615 0.0 1.515 0.0 1.512 0.0 0.1533337615025105 4.162382781565295 1.0 0.0
712.0 2.546593758322139 0.0 3.0546153846153845 0.0 1.515 0.0 1.512 0.0 0.15328045560694142 4.1712415866778 1.0 0.0
713.0 2.54621978084514 0.0 3.0551923076923075 0.0 1.515 0.0 1.512 0.0 0.15323113413948064 4.180090591481505 1.0 0.0
714.0 2.5458477108062882 0.0 3.0557692307692306 0.0 1.515 0.0 1.512 0.0 0.15318574131768928 4.188929886628987 1.0 0.0
715.0 2.5454775347257472 0.0 3.0563461538461536 0.0 1.515 0.0 1.512 0.0 0.15314422244037393 4.197759561582316 1.0 0.0
716.0 2.5451092392466705 0.0 3.0569230769230766 0.0 1.515 0.0 1.512 0.0 0.15310652386251805 4.206579704632599 1.0 0.0
717.0 2.5447428111338186 0.0 3.0575 0.0 1.515 0.0 1.512 0.0 0.15307259297088682 4.215390402919136 1.0 0.0
718.0 2.5443782372721944 0.0 3.058076923076923 0.0 1.515 0.0 1.512 0.0 0.15304237816028543 4.224191742448219 1.0 0.0
719.0 2.544015504665697 0.0 3.058653846153846 0.0 1.515 0.0 1.512 0.0 0.15301582881045 4.232983808111586 1.0 0.0
720.0 2.5436546004357967 0.0 3.059230769230769 0.0 1.515 0.0 1.512 0.0 0.1529928952635524 4.241766683704529 1.0 0.0
721.0 2.5432955118202196 0.0 3.0598076923076922 0.0 1.515 0.0 1.512 0.0 0.152973528802301 4.250540451943644 1.0 0.0
722.0 2.5429382261716595 0.0 3.0603846153846153 0.0 1.515 0.0 1.512 0.0 0.1529576816286188 4.259305194484266 1.0 0.0
723.0 2.542582730956499 0.0 3.0609615384615383 0.0 1.515 0.0 1.512 0.0 0.1529453068428819 4.268060991937585 1.0 0.0
724.0 2.542229013753552 0.0 3.0615384615384613 0.0 1.515 0.0 1.512 0.0 0.15293635842370168 4.276807923887413 1.0 0.0
725.0 2.5418770622528206 0.0 3.0621153846153844 0.0 1.515 0.0 1.512 0.0 0.15293079120823452 4.285546068906659 1.0 0.0
726.0 2.5415268642542705 0.0 3.062692307692308 0.0 1.515 0.0 1.512 0.0 0.15292856087300377 4.29427550457351 1.0 0.0
727.0 2.54117840766662 0.0 3.063269230769231 0.0 1.515 0.0 1.512 0.0 0.15292962391521778 4.3029963074872795 1.0 0.0
728.0 2.5408316805061455 0.0 3.063846153846154 0.0 1.515 0.0 1.512 0.0 0.15293393763457128 4.311708553283984 1.0 0.0
729.0 2.5404866708955054 0.0 3.064423076923077 0.0 1.515 0.0 1.512 0.0 0.15294146011551382 4.320412316651619 1.0 0.0
730.0 2.5401433670625746 0.0 3.065 0.0 1.515 0.0 1.512 0.0 0.1529521502099732 4.329107671345164 1.0 0.0
731.0 2.5398017573392977 0.0 3.065576923076923 0.0 1.515 0.0 1.512 0.0 0.15296596752052058 4.337794690201309 1.0 0.0
732.0 2.539461830160557 0.0 3.066153846153846 0.0 1.515 0.0 1.512 0.0 0.15298287238396321 4.346473445152891 1.0 0.0
733.0 2.5391235740630527 0.0 3.066730769230769 0.0 1.515 0.0 1.512 0.0 0.15300282585535388 4.35514400724309 1.0 0.0
734.0 2.5387869776842003 0.0 3.067307692307692 0.0 1.515 0.0 1.512 0.0 0.15302578969240424 4.363806446639347 1.0 0.0
735.0 2.5384520297610402 0.0 3.0678846153846155 0.0 1.515 0.0 1.512 0.0 0.15305172634029088 4.372460832647038 1.0 0.0
736.0 2.5381187191291636 0.0 3.0684615384615386 0.0 1.515 0.0 1.512 0.0 0.15308059891684267 4.38110723372289 1.0 0.0
737.0 2.537787034721649 0.0 3.0690384615384616 0.0 1.515 0.0 1.512 0.0 0.1531123711980983 4.389745717488158 1.0 0.0
738.0 2.537456965568016 0.0 3.0696153846153846 0.0 1.515 0.0 1.512 0.0 0.15314700760422464 4.398376350741547 1.0 0.0
739.0 2.537128500793189 0.0 3.0701923076923077 0.0 1.515 0.0 1.512 0.0 0.15318447318578327 4.406999199471924 1.0 0.0
740.0 2.536801629616479 0.0 3.0707692307692307 0.0 1.515 0.0 1.512 0.0 0.15322473361033895 4.415614328870778 1.0 0.0
741.0 2.5364763413505704 0.0 3.0713461538461537 0.0 1.515 0.0 1.512 0.0 0.1532677551493969 4.4242218033444685 1.0 0.0
742.0 2.536152625400529 0.0 3.0719230769230768 0.0 1.515 0.0 1.512 0.0 0.1533135046656619 4.43282168652623 1.0 0.0
743.0 2.5358304712628192 0.0 3.0725 0.0 1.515 0.0 1.512 0.0 0.15336194960060923 4.441414041287993 1.0 0.0
744.0 2.535509868524332 0.0 3.0730769230769233 0.0 1.515 0.0 1.512 0.0 0.15341305796235946 4.44999892975197 1.0 0.0
745.0 2.5351908068614266 0.0 3.0736538461538463 0.0 1.515 0.0 1.512 0.0 0.15346679831384802 4.458576413302029 1.0 0.0
746.0 2.534873276038988 0.0 3.0742307692307693 0.0 1.515 0.0 1.512 0.0 0.15352313976128168 4.467146552594876 1.0 0.0
747.0 2.5345572659094864 0.0 3.0748076923076924 0.0 1.515 0.0 1.512 0.0 0.153582051942874 4.475709407571043 1.0 0.0
748.0 2.5342427664120617 0.0 3.0753846153846154 0.0 1.515 0.0 1.512 0.0 0.1536435050178525 4.484265037465655 1.0 0.0
749.0 2.5339297675716086 0.0 3.0759615384615384 0.0 1.515 0.0 1.512 0.0 0.15370746965572923 4.492813500819029 1.0 0.0
750.0 2.5336182594978776 0.0 3.0765384615384614 0.0 1.515 0.0 1.512 0.0 0.1537739170258285 4.501354855487069 1.0 0.0
751.0 2.533308232384587 0.0 3.0771153846153845 0.0 1.515 0.0 1.512 0.0 0.15384281878706377 4.50988915865149 1.0 0.0
752.0 2.5329996765085476 0.0 3.077692307692308 0.0 1.515 0.0 1.512 0.0 0.15391414707795864 4.518416466829851 1.0 0.0
753.0 2.532692582228793 0.0 3.078269230769231 0.0 1.515 0.0 1.512 0.0 0.15398787450690277 4.52693683588541 1.0 0.0
754.0 2.5323869399857286 0.0 3.078846153846154 0.0 1.515 0.0 1.512 0.0 0.15406397414263923 4.535450321036811 1.0 0.0
755.0 2.5320827403002815 0.0 3.079423076923077 0.0 1.515 0.0 1.512 0.0 0.15414241950497456 4.543956976867606 1.0 0.0
756.0 2.5317799737730704 0.0 3.08 0.0 1.515 0.0 1.512 0.0 0.15422318455570788 4.552456857335586 1.0 0.0
757.0 2.5314786310835795 0.0 3.081846153846154 0.0 1.515 0.0 1.512 0.0 0.15430624368977128 4.560950015781983 1.0 0.0
758.0 2.531178702989346 0.0 3.0836923076923077 0.0 1.515 0.0 1.512 0.0 0.15439157172657658 4.569436504940478 1.0 0.0
759.0 2.530880180325153 0.0 3.085538461538462 0.0 1.515 0.0 1.512 0.0 0.15447914390156375 4.577916376946081 1.0 0.0
760.0 2.5305830540022387 0.0 3.0873846153846154 0.0 1.515 0.0 1.512 0.0 0.15456893585794493 4.586389683343827 1.0 0.0
761.0 2.5302873150075107 0.0 3.0892307692307694 0.0 1.515 0.0 1.512 0.0 0.1546609236386377 4.594856475097355 1.0 0.0
762.0 2.5299929544027715 0.0 3.091076923076923 0.0 1.515 0.0 1.512 0.0 0.15475508367838609 4.603316802597306 1.0 0.0
763.0 2.529699963323951 0.0 3.092923076923077 0.0 1.515 0.0 1.512 0.0 0.15485139279606014 4.6117707156695955 1.0 0.0
764.0 2.5294083329803545 0.0 3.0947692307692307 0.0 1.515 0.0 1.512 0.0 0.1549498281871329 4.6202182635835385 1.0 0.0
765.0 2.529118054653913 0.0 3.0966153846153848 0.0 1.515 0.0 1.512 0.0 0.15505036741632788 4.628659495059837 1.0 0.0
766.0 2.528829119698445 0.0 3.0984615384615384 0.0 1.515 0.0 1.512 0.0 0.15515298841043418 4.637094458278421 1.0 0.0
767.0 2.5285415195389294 0.0 3.1003076923076924 0.0 1.515 0.0 1.512 0.0 0.15525766945128378 4.6455232008861715 1.0 0.0
768.0 2.528255245670784 0.0 3.1021538461538465 0.0 1.515 0.0 1.512 0.0 0.15536438916888745 4.6539457700044995 1.0 0.0
769.0 2.5279702896591556 0.0 3.104 0.0 1.515 0.0 1.512 0.0 0.15547312653472523 4.66236221223679 1.0 0.0
770.0 2.527686643138215 0.0 3.105846153846154 0.0 1.515 0.0 1.512 0.0 0.15558386085518697 4.6707725736757455 1.0 0.0
771.0 2.5274042978104636 0.0 3.1076923076923078 0.0 1.515 0.0 1.512 0.0 0.1556965717651596 4.679176899910581 1.0 0.0
772.0 2.5271232454460484 0.0 3.109538461538462 0.0 1.515 0.0 1.512 0.0 0.15581123922175782 4.687575236034095 1.0 0.0
773.0 2.5268434778820823 0.0 3.1113846153846154 0.0 1.515 0.0 1.512 0.0 0.15592784349819305 4.695967626649644 1.0 0.0
774.0 2.5265649870219744 0.0 3.1132307692307695 0.0 1.515 0.0 1.512 0.0 0.15604636517777914 4.7043541158779805 1.0 0.0
775.0 2.5262877648347697 0.0 3.115076923076923 0.0 1.515 0.0 1.512 0.0 0.15616678514806934 4.7127347473639905 1.0 0.0
776.0 2.5260118033544927 0.0 3.116923076923077 0.0 1.515 0.0 1.512 0.0 0.15628908459512364 4.72110956428329 1.0 0.0
777.0 2.525737094679504 0.0 3.1187692307692307 0.0 1.515 0.0 1.512 0.0 0.15641324499790044 4.729478609348758 1.0 0.0
778.0 2.525463630971859 0.0 3.120615384615385 0.0 1.515 0.0 1.512 0.0 0.1565392481227717 4.737841924816913 1.0 0.0
779.0 2.525191404456678 0.0 3.122461538461539 0.0 1.515 0.0 1.512 0.0 0.15666707601815758 4.746199552494217 1.0 0.0
780.0 2.5249204074215235 0.0 3.1243076923076925 0.0 1.515 0.0 1.512 0.0 0.15679671100927742 4.754551533743251 1.0 0.0
781.0 2.524650632215782 0.0 3.1261538461538465 0.0 1.515 0.0 1.512 0.0 0.15692813569301478 4.762897909488808 1.0 0.0
782.0 2.5243820712500558 0.0 3.128 0.0 1.515 0.0 1.512 0.0 0.15706133293289304 4.7712387202238835 1.0 0.0
783.0 2.524114716995562 0.0 3.129846153846154 0.0 1.515 0.0 1.512 0.0 0.1571962858541594 4.779574006015543 1.0 0.0
784.0 2.5238485619835362 0.0 3.1316923076923078 0.0 1.515 0.0 1.512 0.0 0.15733297783897462 4.7879038065107276 1.0 0.0
785.0 2.5235835988046453 0.0 3.133538461538462 0.0 1.515 0.0 1.512 0.0 0.15747139252170536 4.796228160941941 1.0 0.0
786.0 2.523319820108407 0.0 3.1353846153846154 0.0 1.515 0.0 1.512 0.0 0.157611513784317 4.804547108132849 1.0 0.0
787.0 2.523057218602613 0.0 3.1372307692307695 0.0 1.515 0.0 1.512 0.0 0.15775332575186474 4.812860686503796 1.0 0.0
788.0 2.522795787052765 0.0 3.139076923076923 0.0 1.515 0.0 1.512 0.0 0.1578968127880804 4.8211689340772255 1.0 0.0
789.0 2.5225355182815115 0.0 3.140923076923077 0.0 1.515 0.0 1.512 0.0 0.15804195949105188 4.829471888483001 1.0 0.0
790.0 2.5222764051680917 0.0 3.142769230769231 0.0 1.515 0.0 1.512 0.0 0.15818875068899468 4.837769586963667 1.0 0.0
791.0 2.5220184406477917 0.0 3.144615384615385 0.0 1.515 0.0 1.512 0.0 0.15833717143611142 4.8460620663795995 1.0 0.0
792.0 2.5217616177113977 0.0 3.146461538461539 0.0 1.515 0.0 1.512 0.0 0.15848720700853886 4.854349363214091 1.0 0.0
793.0 2.5215059294046647 0.0 3.1483076923076925 0.0 1.515 0.0 1.512 0.0 0.15863884290037886 4.862631513578346 1.0 0.0
794.0 2.521251368827784 0.0 3.1501538461538465 0.0 1.515 0.0 1.512 0.0 0.1587920648198131 4.870908553216398 1.0 0.0
795.0 2.52099792913486 0.0 3.152 0.0 1.515 0.0 1.512 0.0 0.15894685868529704 4.879180517509945 1.0 0.0
796.0 2.5207456035333955 0.0 3.153846153846154 0.0 1.515 0.0 1.512 0.0 0.15910321062183433 4.887447441483114 1.0 0.0
797.0 2.5204943852837767 0.0 3.155692307692308 0.0 1.515 0.0 1.512 0.0 0.1592611069573269 4.895709359807147 1.0 0.0
798.0 2.5202442676987697 0.0 3.157538461538462 0.0 1.515 0.0 1.512 0.0 0.1594205342190006 4.903966306805004 1.0 0.0
799.0 2.5199952441430202 0.0 3.1593846153846155 0.0 1.515 0.0 1.512 0.0 0.15958147912990459 4.912218316455916 1.0 0.0
800.0 2.5197473080325583 0.0 3.1612307692307695 0.0 1.515 0.0 1.512 0.0 0.15974392860548198 4.920465422399836 1.0 0.0
801.0 2.519500452834311 0.0 3.1630769230769236 0.0 1.515 0.0 1.512 0.0 0.15990786975021046 4.928707657941852 1.0 0.0
802.0 2.519254672065618 0.0 3.164923076923077 0.0 1.515 0.0 1.512 0.0 0.16007328985431155 4.936945056056493 1.0 0.0
803.0 2.519009959293755 0.0 3.1667692307692312 0.0 1.515 0.0 1.512 0.0 0.1602401763905263 4.9451776493920105 1.0 0.0
804.0 2.518766308135461 0.0 3.168615384615385 0.0 1.515 0.0 1.512 0.0 0.16040851701095657 4.953405470274555 1.0 0.0
805.0 2.5185237122564708 0.0 3.170461538461539 0.0 1.515 0.0 1.512 0.0 0.16057829954397004 4.961628550712313 1.0 0.0
806.0 2.5182821653710548 0.0 3.1723076923076925 0.0 1.515 0.0 1.512 0.0 0.16074951199116663 4.969846922399565 1.0 0.0
807.0 2.5180416612415595 0.0 3.1741538461538465 0.0 1.515 0.0 1.512 0.0 0.1609221425244076 4.9780606167206916 1.0 0.0
808.0 2.5178021936779595 0.0 3.176 0.0 1.515 0.0 1.512 0.0 0.1610961794829018 4.986269664754099 1.0 0.0
809.0 2.5175637565374087 0.0 3.177846153846154 0.0 1.515 0.0 1.512 0.0 0.16127161137035212 4.994474097276118 1.0 0.0
810.0 2.5173263437238003 0.0 3.179692307692308 0.0 1.515 0.0 1.512 0.0 0.1614484268521571 5.002673944764806 1.0 0.0
811.0 2.5170899491873278 0.0 3.181538461538462 0.0 1.515 0.0 1.512 0.0 0.16162661475266915 5.010869237403705 1.0 0.0
812.0 2.5168545669240574 0.0 3.183384615384616 0.0 1.515 0.0 1.512 0.0 0.1618061640525061 5.019060005085554 1.0 0.0
813.0 2.516620190975497 0.0 3.1852307692307695 0.0 1.515 0.0 1.512 0.0 0.1619870638859169 5.027246277415931 1.0 0.0
814.0 2.5163868154281763 0.0 3.1870769230769236 0.0 1.515 0.0 1.512 0.0 0.16216930353819764 5.035428083716833 1.0 0.0
815.0 2.516154434413229 0.0 3.188923076923077 0.0 1.515 0.0 1.512 0.0 0.16235287244315968 5.043605453030225 1.0 0.0
816.0 2.51592304210598 0.0 3.1907692307692312 0.0 1.515 0.0 1.512 0.0 0.16253776018064645 5.051778414121514 1.0 0.0
817.0 2.515692632725535 0.0 3.192615384615385 0.0 1.515 0.0 1.512 0.0 0.16272395647409862 5.059946995482975 1.0 0.0
818.0 2.51546320053438 0.0 3.194461538461539 0.0 1.515 0.0 1.512 0.0 0.16291145118816733 5.068111225337138 1.0 0.0
819.0 2.5152347398379797 0.0 3.1963076923076925 0.0 1.515 0.0 1.512 0.0 0.16310023432637308 5.0762711316401035 1.0 0.0
820.0 2.5150072449843823 0.0 3.1981538461538466 0.0 1.515 0.0 1.512 0.0 0.16329029602880976 5.084426742084825 1.0 0.0
821.0 2.514780710363829 0.0 3.2 0.0 1.515 0.0 1.512 0.0 0.16348162656989404 5.092578084104337 1.0 0.0
822.0 2.5145551304083695 0.0 3.2014084507042257 0.0 1.515 0.0 1.512 0.0 0.16367421635615656 5.100725184874926 1.0 0.0
823.0 2.5143304995914764 0.0 3.202816901408451 0.0 1.515 0.0 1.512 0.0 0.16386805592407638 5.108868071319273 1.0 0.0
824.0 2.514106812427668 0.0 3.2042253521126765 0.0 1.515 0.0 1.512 0.0 0.16406313593795685 5.117006770109532 1.0 0.0
825.0 2.5138840634721378 0.0 3.2056338028169016 0.0 1.515 0.0 1.512 0.0 0.16425944718784175 5.125141307670364 1.0 0.0
826.0 2.513662247320378 0.0 3.207042253521127 0.0 1.515 0.0 1.512 0.0 0.16445698058747116 5.133271710181949 1.0 0.0
827.0 2.513441358607819 0.0 3.2084507042253523 0.0 1.515 0.0 1.512 0.0 0.16465572717227597 5.141398003582916 1.0 0.0
828.0 2.513221392009466 0.0 3.209859154929578 0.0 1.515 0.0 1.512 0.0 0.16485567809741056 5.149520213573262 1.0 0.0
829.0 2.5130023422395387 0.0 3.211267605633803 0.0 1.515 0.0 1.512 0.0 0.1650568246358226 5.157638365617214 1.0 0.0
830.0 2.51278420405112 0.0 3.2126760563380286 0.0 1.515 0.0 1.512 0.0 0.1652591581763587 5.165752484946045 1.0 0.0
